<!DOCTYPE HTML>
<html>
  <head>
    <meta charset="UTF-8">
    <title>TOMTOM</title>
    <script>
      // @JSON_VAR data
      var data = {
        "program": "Tomtom",
        "version": "5.0.3",
        "release": "Sun Dec 02 18:41:45 2018 -0800",
        "cmd": [
          "tomtom", "-dist", "pearson", "-thresh", "0.05", "-oc",
          "motifs/tomtom", "motifs/filters_meme.txt", "Jaspar.meme"
        ],
        "options": {
          "strands": "both",
          "distance_measure": "pearson",
          "threshold_type": "qvalue",
          "threshold_value": 0.05,
          "background_source": "--query--"
        },
        "alphabet": {
          "name": "DNA",
          "like": "dna",
          "ncore": 4,
          "symbols": [
            {
              "symbol": "A",
              "name": "Adenine",
              "colour": "CC0000",
              "complement": "T"
            }, {
              "symbol": "C",
              "name": "Cytosine",
              "colour": "0000CC",
              "complement": "G"
            }, {
              "symbol": "G",
              "name": "Guanine",
              "colour": "FFB300",
              "complement": "C"
            }, {
              "symbol": "T",
              "aliases": "U",
              "name": "Thymine",
              "colour": "008000",
              "complement": "A"
            }, {
              "symbol": "N",
              "aliases": "X.",
              "name": "Any base",
              "equals": "ACGT"
            }, {
              "symbol": "V",
              "name": "Not T",
              "equals": "ACG"
            }, {
              "symbol": "H",
              "name": "Not G",
              "equals": "ACT"
            }, {
              "symbol": "D",
              "name": "Not C",
              "equals": "AGT"
            }, {
              "symbol": "B",
              "name": "Not A",
              "equals": "CGT"
            }, {
              "symbol": "M",
              "name": "Amino",
              "equals": "AC"
            }, {
              "symbol": "R",
              "name": "Purine",
              "equals": "AG"
            }, {
              "symbol": "W",
              "name": "Weak",
              "equals": "AT"
            }, {
              "symbol": "S",
              "name": "Strong",
              "equals": "CG"
            }, {
              "symbol": "Y",
              "name": "Pyrimidine",
              "equals": "CT"
            }, {
              "symbol": "K",
              "name": "Keto",
              "equals": "GT"
            }
          ]
        },
        "background": [0.2555, 0.2445, 0.2445, 0.2555],
        "query_dbs": [
          {
            "source": "motifs/filters_meme.txt",
            "name": "filters_meme.txt",
            "loaded": 13,
            "excluded": 0,
            "last_modified": "Wed Jan 16 10:13:56 2019"
          }
        ],
        "target_dbs": [
          {
            "source": "Jaspar.meme",
            "name": "Jaspar",
            "loaded": 734,
            "excluded": 0,
            "last_modified": "Tue Jan 15 13:41:33 2019"
          }
        ],
        "queries": [
          {
            "db": 0,
            "id": "filter0",
            "len": 24,
            "nsites": 460,
            "evalue": "1.0e+000",
            "pwm": [
              [0.252201, 0.2435, 0.280192, 0.224107], 
              [0.295291, 0.249999, 0.239201, 0.215509], 
              [0.247802, 0.217706, 0.271594, 0.262898], 
              [0.230605, 0.211207, 0.314685, 0.243503], 
              [0.284494, 0.262896, 0.271594, 0.181016], 
              [0.284494, 0.247799, 0.249999, 0.217708], 
              [0.239204, 0.206908, 0.265096, 0.288793], 
              [0.234881, 0.284463, 0.271567, 0.209089], 
              [0.273696, 0.252198, 0.277993, 0.196113], 
              [0.267197, 0.209108, 0.312485, 0.21121], 
              [0.193994, 0.256472, 0.314653, 0.234881], 
              [0.273696, 0.172416, 0.340479, 0.213409], 
              [0.377136, 0.254272, 0.35774, 0.0108521], 
              [0.00225483, 0.00225244, 0.00225244, 0.99324], 
              [0.00225483, 0.00225244, 0.982541, 0.0129514], 
              [0.99324, 0.00225244, 0.00225244, 0.00225483], 
              [0.0259499, 0.480549, 0.47625, 0.0172518], 
              [0.00225483, 0.00225244, 0.00225244, 0.99324], 
              [0.0086528, 0.98684, 0.00225244, 0.00225483], 
              [0.99324, 0.00225244, 0.00225244, 0.00225483], 
              [0.0108521, 0.323251, 0.237078, 0.428819], 
              [0.200432, 0.344813, 0.181032, 0.273723], 
              [0.170319, 0.344778, 0.277993, 0.206911], 
              [0.194013, 0.329681, 0.232803, 0.243503]
            ]
          }, {
            "db": 0,
            "id": "filter1",
            "len": 24,
            "nsites": 50,
            "evalue": "1.0e+000",
            "pwm": [
              [0.166877, 0.185318, 0.444001, 0.203803], 
              [0.222266, 0.203781, 0.351686, 0.222266], 
              [0.259292, 0.240708, 0.277734, 0.222266], 
              [0.277755, 0.222245, 0.222245, 0.277755], 
              [0.148314, 0.166855, 0.185318, 0.499512], 
              [0.222266, 0.185318, 0.462564, 0.129851], 
              [0.370208, 0.240732, 0.240732, 0.148329], 
              [0.240754, 0.240732, 0.314691, 0.203824], 
              [0.055999, 0.277734, 0.148292, 0.517975], 
              [0.203824, 0.518005, 0.129842, 0.148329], 
              [0.536438, 0.129829, 0.25927, 0.0744621], 
              [0.0189749, 0.42558, 0.0374179, 0.518027], 
              [0.0189749, 0.0189529, 0.0189529, 0.943119], 
              [0.0189749, 0.0189529, 0.0189529, 0.943119], 
              [0.0189749, 0.943097, 0.0189529, 0.0189749], 
              [0.0189749, 0.943097, 0.0189529, 0.0189749], 
              [0.0374398, 0.0929124, 0.0374179, 0.83223], 
              [0.0189731, 0.185318, 0.591905, 0.203803], 
              [0.0374361, 0.370149, 0.111366, 0.481049], 
              [0.148314, 0.31466, 0.166855, 0.370171], 
              [0.0744547, 0.277706, 0.1853, 0.46254], 
              [0.203803, 0.25927, 0.296197, 0.24073], 
              [0.203803, 0.185318, 0.296197, 0.314682], 
              [0.18534, 0.203781, 0.388612, 0.222266]
            ]
          }, {
            "db": 0,
            "id": "filter10",
            "len": 24,
            "nsites": 446,
            "evalue": "1.0e+000",
            "pwm": [
              [0.271124, 0.213328, 0.302217, 0.213331], 
              [0.180017, 0.251099, 0.33328, 0.235604], 
              [0.262198, 0.168917, 0.337779, 0.231105], 
              [0.386632, 0.268868, 0.337745, 0.0067551], 
              [0.002257, 0.00225454, 0.00225454, 0.993234], 
              [0.00225678, 0.00225432, 0.986534, 0.00895528], 
              [0.993234, 0.00225454, 0.00225454, 0.002257], 
              [0.0244518, 0.482147, 0.477748, 0.0156538], 
              [0.002257, 0.00225454, 0.00225454, 0.993234], 
              [0.00675577, 0.988733, 0.00225432, 0.00225678], 
              [0.993234, 0.00225454, 0.00225454, 0.002257], 
              [0.00445629, 0.326682, 0.226704, 0.442158], 
              [0.213309, 0.355575, 0.162218, 0.268897], 
              [0.173318, 0.357775, 0.275593, 0.193314], 
              [0.211131, 0.324415, 0.231126, 0.233328], 
              [0.191134, 0.300018, 0.224427, 0.284422], 
              [0.195613, 0.271094, 0.2444, 0.288893], 
              [0.266697, 0.220005, 0.224405, 0.288893], 
              [0.202212, 0.233303, 0.308886, 0.2556], 
              [0.200012, 0.282192, 0.2467, 0.271097], 
              [0.222207, 0.297788, 0.251099, 0.228906], 
              [0.286664, 0.197791, 0.268868, 0.246677], 
              [0.220008, 0.213307, 0.257797, 0.308888], 
              [0.248901, 0.222205, 0.279992, 0.248901]
            ]
          }, {
            "db": 0,
            "id": "filter11",
            "len": 24,
            "nsites": 90,
            "evalue": "1.0e+000",
            "pwm": [
              [0.287194, 0.170299, 0.202167, 0.34034], 
              [0.287165, 0.170282, 0.2447, 0.297853], 
              [0.223436, 0.170282, 0.276564, 0.329718], 
              [0.255275, 0.180953, 0.297811, 0.265962], 
              [0.202179, 0.202167, 0.276592, 0.319061], 
              [0.212826, 0.138404, 0.244675, 0.404094], 
              [0.361546, 0.19154, 0.180953, 0.265962], 
              [0.2553, 0.191559, 0.255288, 0.297853], 
              [0.414723, 0.180971, 0.202147, 0.202159], 
              [0.287194, 0.276592, 0.202167, 0.234047], 
              [0.297853, 0.170282, 0.287153, 0.244712], 
              [0.191571, 0.212835, 0.36157, 0.234024], 
              [0.234024, 0.308429, 0.191559, 0.265988], 
              [0.191552, 0.26595, 0.276537, 0.265962], 
              [0.212847, 0.255288, 0.297841, 0.234024], 
              [0.308441, 0.191559, 0.180971, 0.319029], 
              [0.276577, 0.308429, 0.0746887, 0.340306], 
              [0.234024, 0.287153, 0.212835, 0.265988], 
              [0.37217, 0.12783, 0.382846, 0.117154], 
              [0.531593, 0.0215477, 0.255288, 0.191571], 
              [0.13843, 0.0746887, 0.032136, 0.754745], 
              [0.0108718, 0.935432, 0.0108596, 0.0428363], 
              [0.0215599, 0.0108596, 0.946021, 0.0215599], 
              [0.499679, 0.159678, 0.180953, 0.15969]
            ]
          }, {
            "db": 0,
            "id": "filter12",
            "len": 24,
            "nsites": 453,
            "evalue": "1.0e+000",
            "pwm": [
              [0.251626, 0.231926, 0.293219, 0.223229], 
              [0.256025, 0.253823, 0.293219, 0.196933], 
              [0.266971, 0.205688, 0.334747, 0.192595], 
              [0.21011, 0.229803, 0.328182, 0.231905], 
              [0.277895, 0.168517, 0.33698, 0.216609], 
              [0.39383, 0.240677, 0.35664, 0.00885357], 
              [0.0022559, 0.00225348, 0.00225348, 0.993237], 
              [0.00225568, 0.00225326, 0.986637, 0.00885357], 
              [0.993237, 0.00225348, 0.00225348, 0.0022559], 
              [0.0263506, 0.492245, 0.457253, 0.0241511], 
              [0.0022559, 0.00225348, 0.00225348, 0.993237], 
              [0.00885357, 0.986637, 0.00225326, 0.00225568], 
              [0.993237, 0.00225348, 0.00225348, 0.0022559], 
              [0.00665493, 0.301987, 0.251598, 0.439759], 
              [0.221008, 0.350077, 0.172916, 0.256], 
              [0.175118, 0.345678, 0.280092, 0.199112], 
              [0.203511, 0.328182, 0.229803, 0.238504], 
              [0.20789, 0.284463, 0.225382, 0.282266], 
              [0.196913, 0.249499, 0.264796, 0.288793], 
              [0.271324, 0.205729, 0.231926, 0.291021], 
              [0.199112, 0.2451, 0.312885, 0.242903], 
              [0.203532, 0.271321, 0.231926, 0.293221], 
              [0.21663, 0.315116, 0.253823, 0.214431], 
              [0.282294, 0.194711, 0.262596, 0.260399]
            ]
          }, {
            "db": 0,
            "id": "filter13",
            "len": 24,
            "nsites": 52,
            "evalue": "1.0e+000",
            "pwm": [
              [0.0183543, 0.944958, 0.0183331, 0.0183543], 
              [0.0183543, 0.0183331, 0.944958, 0.0183543], 
              [0.695623, 0.0361043, 0.0361043, 0.232168], 
              [0.428268, 0.125229, 0.0361008, 0.410402], 
              [0.232145, 0.267855, 0.267855, 0.232145], 
              [0.410402, 0.125229, 0.125229, 0.339139], 
              [0.374771, 0.0895979, 0.410381, 0.12525], 
              [0.267849, 0.089589, 0.267828, 0.374733], 
              [0.250011, 0.160861, 0.267855, 0.321274], 
              [0.303508, 0.160861, 0.160861, 0.374771], 
              [0.12525, 0.285621, 0.249989, 0.339139], 
              [0.374771, 0.232124, 0.249989, 0.143116], 
              [0.481665, 0.178726, 0.178726, 0.160882], 
              [0.303477, 0.178709, 0.214337, 0.303477], 
              [0.285671, 0.196512, 0.196512, 0.321306], 
              [0.321274, 0.321252, 0.0183349, 0.339139], 
              [0.267876, 0.232124, 0.214358, 0.285642], 
              [0.285642, 0.339118, 0.178726, 0.196513], 
              [0.517345, 0.267828, 0.089589, 0.125238], 
              [0.303508, 0.232124, 0.160861, 0.303508], 
              [0.267876, 0.285621, 0.196492, 0.250011], 
              [0.321274, 0.178726, 0.125229, 0.374771], 
              [0.250036, 0.107374, 0.160877, 0.481713], 
              [0.374733, 0.267828, 0.089589, 0.267849]
            ]
          }, {
            "db": 0,
            "id": "filter14",
            "len": 24,
            "nsites": 104,
            "evalue": "1.0e+000",
            "pwm": [
              [0.222232, 0.120519, 0.12971, 0.527538], 
              [0.305521, 0.138988, 0.203719, 0.351772], 
              [0.222232, 0.194448, 0.305541, 0.277779], 
              [0.11125, 0.037203, 0.240728, 0.610819], 
              [0.00953557, 0.971404, 0.00952501, 0.00953557], 
              [0.00953557, 0.00952501, 0.971404, 0.00953557], 
              [0.45351, 0.175966, 0.203739, 0.166785], 
              [0.333259, 0.20376, 0.175983, 0.286998], 
              [0.342516, 0.203739, 0.194448, 0.259296], 
              [0.314743, 0.21303, 0.185257, 0.28697], 
              [0.2315, 0.166758, 0.342472, 0.25927], 
              [0.379519, 0.20376, 0.175983, 0.240738], 
              [0.250005, 0.268477, 0.231512, 0.250005], 
              [0.342516, 0.185257, 0.203739, 0.268488], 
              [0.324034, 0.249995, 0.148193, 0.277779], 
              [0.268488, 0.388761, 0.12971, 0.213041], 
              [0.277751, 0.351762, 0.138988, 0.2315], 
              [0.296261, 0.231512, 0.185257, 0.28697], 
              [0.333259, 0.139015, 0.240728, 0.286998], 
              [0.286998, 0.25002, 0.0834632, 0.379519], 
              [0.296261, 0.175966, 0.259286, 0.268488], 
              [0.425736, 0.120519, 0.194448, 0.259296], 
              [0.268488, 0.0834549, 0.342506, 0.305552], 
              [0.305521, 0.102027, 0.203719, 0.388733]
            ]
          }, {
            "db": 0,
            "id": "filter15",
            "len": 24,
            "nsites": 108,
            "evalue": "1.0e+000",
            "pwm": [
              [0.22323, 0.241103, 0.22322, 0.312447], 
              [0.330298, 0.133989, 0.205416, 0.330298], 
              [0.169679, 0.0537766, 0.0626684, 0.713876], 
              [0.00912901, 0.972623, 0.00911884, 0.00912901], 
              [0.00912901, 0.00911884, 0.972623, 0.00912901], 
              [0.624658, 0.205436, 0.107227, 0.0626785], 
              [0.187563, 0.178661, 0.160778, 0.472999], 
              [0.258923, 0.348139, 0.223242, 0.169696], 
              [0.214338, 0.392763, 0.169669, 0.22323], 
              [0.303525, 0.241079, 0.178643, 0.276753], 
              [0.365998, 0.285662, 0.125111, 0.22323], 
              [0.214338, 0.241103, 0.285662, 0.258897], 
              [0.232122, 0.285662, 0.142994, 0.339222], 
              [0.205446, 0.312437, 0.160778, 0.321339], 
              [0.303556, 0.321329, 0.178661, 0.196455], 
              [0.267889, 0.196444, 0.196444, 0.339222], 
              [0.267889, 0.249995, 0.160778, 0.321339], 
              [0.312447, 0.196444, 0.178661, 0.312447], 
              [0.303556, 0.134002, 0.196444, 0.365998], 
              [0.250005, 0.214328, 0.312437, 0.22323], 
              [0.267889, 0.241103, 0.258887, 0.232122], 
              [0.303586, 0.169686, 0.232135, 0.294593], 
              [0.294564, 0.160778, 0.214328, 0.330331], 
              [0.303556, 0.241103, 0.258887, 0.196455]
            ]
          }, {
            "db": 0,
            "id": "filter2",
            "len": 24,
            "nsites": 71,
            "evalue": "1.0e+000",
            "pwm": [
              [0.213359, 0.200063, 0.160119, 0.426459], 
              [0.319909, 0.319894, 0.133456, 0.226741], 
              [0.253303, 0.186781, 0.160119, 0.399797], 
              [0.373134, 0.200063, 0.120175, 0.306628], 
              [0.319909, 0.146838, 0.293231, 0.240022], 
              [0.373134, 0.186781, 0.0402876, 0.399797], 
              [0.306628, 0.0935127, 0.226725, 0.373134], 
              [0.333191, 0.186781, 0.240006, 0.240022], 
              [0.253303, 0.213344, 0.266669, 0.266684], 
              [0.0403031, 0.160119, 0.146838, 0.652741], 
              [0.013642, 0.95909, 0.0136265, 0.013642], 
              [0.013642, 0.0136265, 0.95909, 0.013642], 
              [0.639395, 0.146823, 0.0669434, 0.146838], 
              [0.253328, 0.173417, 0.13347, 0.439784], 
              [0.226741, 0.359838, 0.200063, 0.213359], 
              [0.306628, 0.253288, 0.146838, 0.293247], 
              [0.173433, 0.253313, 0.359874, 0.213381], 
              [0.333191, 0.226725, 0.200063, 0.240022], 
              [0.279966, 0.240006, 0.186781, 0.293247], 
              [0.253303, 0.226725, 0.146838, 0.373134], 
              [0.133472, 0.266669, 0.186781, 0.413078], 
              [0.333191, 0.240006, 0.240006, 0.186797], 
              [0.413078, 0.160119, 0.186781, 0.240022], 
              [0.306628, 0.213344, 0.186781, 0.293247]
            ]
          }, {
            "db": 0,
            "id": "filter4",
            "len": 24,
            "nsites": 421,
            "evalue": "1.0e+000",
            "pwm": [
              [0.235281, 0.251773, 0.287061, 0.225884], 
              [0.277623, 0.237625, 0.303516, 0.181236], 
              [0.282365, 0.178798, 0.331746, 0.207091], 
              [0.216509, 0.230603, 0.338778, 0.21411], 
              [0.277595, 0.167118, 0.343476, 0.21181], 
              [0.409363, 0.240001, 0.345876, 0.00475956], 
              [0.00245986, 0.00245725, 0.00245725, 0.992626], 
              [0.00245986, 0.00245725, 0.987925, 0.00715828], 
              [0.992626, 0.00245725, 0.00245725, 0.00245986], 
              [0.0212556, 0.479944, 0.475245, 0.0235551], 
              [0.00245986, 0.00245725, 0.00245725, 0.992626], 
              [0.0118567, 0.983226, 0.00245725, 0.00245986], 
              [0.992626, 0.00245725, 0.00245725, 0.00245986], 
              [0.00475956, 0.315283, 0.218806, 0.461151], 
              [0.22593, 0.357609, 0.157636, 0.258825], 
              [0.176519, 0.338778, 0.28709, 0.197614], 
              [0.207111, 0.336478, 0.237602, 0.218809], 
              [0.202392, 0.296458, 0.244675, 0.256474], 
              [0.225907, 0.230603, 0.265895, 0.277595], 
              [0.277623, 0.218828, 0.230626, 0.272923], 
              [0.207091, 0.225882, 0.322349, 0.244678], 
              [0.192915, 0.270594, 0.249399, 0.287092], 
              [0.237604, 0.305885, 0.247099, 0.209411], 
              [0.29649, 0.188213, 0.263495, 0.251801]
            ]
          }, {
            "db": 0,
            "id": "filter6",
            "len": 24,
            "nsites": 345,
            "evalue": "1.0e+000",
            "pwm": [
              [0.252101, 0.217808, 0.286488, 0.243603], 
              [0.260698, 0.257896, 0.300884, 0.180522], 
              [0.269296, 0.232104, 0.283689, 0.214912], 
              [0.309484, 0.240701, 0.254997, 0.194818], 
              [0.257899, 0.169122, 0.269293, 0.303686], 
              [0.197717, 0.212009, 0.363865, 0.226408], 
              [0.32378, 0.275091, 0.237802, 0.163327], 
              [0.277894, 0.309481, 0.200613, 0.212013], 
              [0.266497, 0.171921, 0.235003, 0.326579], 
              [0.21489, 0.275064, 0.30945, 0.200596], 
              [0.28939, 0.246399, 0.297984, 0.166226], 
              [0.277894, 0.20921, 0.323777, 0.189119], 
              [0.189138, 0.263621, 0.343806, 0.203435], 
              [0.297988, 0.177719, 0.338073, 0.18622], 
              [0.452643, 0.200613, 0.340972, 0.00577238], 
              [0.00297291, 0.00296972, 0.00296972, 0.991088], 
              [0.00297291, 0.00296972, 0.982488, 0.0115696], 
              [0.991088, 0.00296972, 0.00296972, 0.00297291], 
              [0.0229674, 0.45264, 0.512822, 0.0115707], 
              [0.00297291, 0.00296972, 0.00296972, 0.991088], 
              [0.00867068, 0.985387, 0.00296972, 0.00297291], 
              [0.991088, 0.00296972, 0.00296972, 0.00297291], 
              [0.00577295, 0.326609, 0.194834, 0.472784], 
              [0.203415, 0.366765, 0.166223, 0.263598]
            ]
          }, {
            "db": 0,
            "id": "filter7",
            "len": 24,
            "nsites": 52,
            "evalue": "1.0e+000",
            "pwm": [
              [0.232145, 0.214358, 0.160861, 0.392636], 
              [0.321274, 0.196492, 0.214358, 0.267876], 
              [0.214358, 0.267828, 0.0539611, 0.463853], 
              [0.143116, 0.249989, 0.232124, 0.374771], 
              [0.463899, 0.214358, 0.232124, 0.089619], 
              [0.285642, 0.267855, 0.196492, 0.250011], 
              [0.321306, 0.160877, 0.0361043, 0.481713], 
              [0.232168, 0.35692, 0.125242, 0.285671], 
              [0.232168, 0.250014, 0.196512, 0.321306], 
              [0.339105, 0.0539611, 0.267828, 0.339105], 
              [0.178748, 0.303487, 0.356884, 0.160882], 
              [0.267876, 0.0539664, 0.196492, 0.481665], 
              [0.160882, 0.0539664, 0.249989, 0.535162], 
              [0.0183543, 0.944958, 0.0183331, 0.0183543], 
              [0.0183543, 0.0183331, 0.944958, 0.0183543], 
              [0.481665, 0.249989, 0.178726, 0.089619], 
              [0.178748, 0.303487, 0.285621, 0.232145], 
              [0.356905, 0.285621, 0.0895979, 0.267876], 
              [0.321274, 0.178726, 0.178726, 0.321274], 
              [0.356905, 0.143095, 0.160861, 0.339139], 
              [0.232145, 0.267855, 0.0895979, 0.410402], 
              [0.321274, 0.125229, 0.214358, 0.339139], 
              [0.446034, 0.143095, 0.232124, 0.178748], 
              [0.232145, 0.160861, 0.303487, 0.303508]
            ]
          }, {
            "db": 0,
            "id": "filter8",
            "len": 24,
            "nsites": 94,
            "evalue": "1.0e+000",
            "pwm": [
              [0.183776, 0.316224, 0.2449, 0.2551], 
              [0.183758, 0.132806, 0.295816, 0.387621], 
              [0.397849, 0.265278, 0.112341, 0.224533], 
              [0.204155, 0.275467, 0.224521, 0.295857], 
              [0.458938, 0.193934, 0.193934, 0.153194], 
              [0.326425, 0.255089, 0.23471, 0.183776], 
              [0.255075, 0.142994, 0.193934, 0.407997], 
              [0.234722, 0.163386, 0.285656, 0.316235], 
              [0.173587, 0.2449, 0.23471, 0.346803], 
              [0.2551, 0.193954, 0.224521, 0.326425], 
              [0.275451, 0.183746, 0.407985, 0.132817], 
              [0.081793, 0.112352, 0.520159, 0.285696], 
              [0.377433, 0.183746, 0.173558, 0.265263], 
              [0.193965, 0.2449, 0.285656, 0.275479], 
              [0.122541, 0.173575, 0.458972, 0.244911], 
              [0.560875, 0.193954, 0.163386, 0.0817848], 
              [0.081793, 0.316255, 0.0512107, 0.550741], 
              [0.0410282, 0.887116, 0.0206382, 0.0512173], 
              [0.163398, 0.0410165, 0.734179, 0.0614065], 
              [0.673056, 0.0919623, 0.163386, 0.0715956], 
              [0.102163, 0.204143, 0.010449, 0.683245], 
              [0.204155, 0.438594, 0.102151, 0.2551], 
              [0.26529, 0.163386, 0.2449, 0.326425], 
              [0.367181, 0.143008, 0.255089, 0.234722]
            ]
          }
        ],
        "targets": [
          {
            "db": 0,
            "id": "M0714_1.02",
            "alt": "(ENSG00000235187)_(Mus_musculus)_(DBD_1.00)",
            "len": 10,
            "nsites": 1,
            "url": "http://cisbp.ccbr.utoronto.ca/TFreport.php?searchTF=T078005_1.02",
            "pwm": [
              [0.312236, 0.201062, 0.242851, 0.243851], 
              [0.396613, 0.154202, 0.244213, 0.204974], 
              [0.183786, 0.368998, 0.241138, 0.206077], 
              [0.26709, 0.533348, 0.121375, 0.0781873], 
              [0.07352, 0.0240818, 0.849271, 0.0531273], 
              [0.0758336, 0.0222282, 0.87871, 0.0232282], 
              [0.887149, 0.02223, 0.0358464, 0.0547745], 
              [0.600524, 0.0691427, 0.0289018, 0.301432], 
              [0.392669, 0.112424, 0.410611, 0.0842955], 
              [0.162209, 0.285804, 0.11539, 0.436597]
            ]
          }, {
            "db": 0,
            "id": "M2275_1.02",
            "alt": "ELF1",
            "len": 13,
            "nsites": 1,
            "url": "http://cisbp.ccbr.utoronto.ca/TFreport.php?searchTF=T077988_1.02",
            "pwm": [
              [0.30124, 0.167959, 0.397955, 0.132845], 
              [0.493307, 0.123237, 0.26184, 0.121615], 
              [0.559751, 0.103398, 0.178114, 0.158737], 
              [0.298013, 0.330839, 0.231444, 0.139705], 
              [0.0853664, 0.695202, 0.196204, 0.0232273], 
              [0.623706, 0.330839, 0.0222273, 0.0232273], 
              [0.0232273, 0.0222273, 0.931318, 0.0232273], 
              [0.0232273, 0.0222273, 0.931318, 0.0232273], 
              [0.932318, 0.0222273, 0.0222273, 0.0232273], 
              [0.932318, 0.0222273, 0.0222273, 0.0232273], 
              [0.102785, 0.0222273, 0.851761, 0.0232273], 
              [0.128877, 0.16305, 0.0342655, 0.673807], 
              [0.200365, 0.138906, 0.568636, 0.0920918]
            ]
          }, {
            "db": 0,
            "id": "M2277_1.02",
            "alt": "FLI1",
            "len": 11,
            "nsites": 1,
            "url": "http://cisbp.ccbr.utoronto.ca/TFreport.php?searchTF=T077996_1.02",
            "pwm": [
              [0.476905, 0.0730491, 0.377236, 0.0728091], 
              [0.0963609, 0.720097, 0.160314, 0.0232273], 
              [0.695563, 0.258983, 0.0222273, 0.0232273], 
              [0.0232273, 0.0222273, 0.931318, 0.0232273], 
              [0.0232273, 0.0222273, 0.931318, 0.0232273], 
              [0.932318, 0.0222273, 0.0222273, 0.0232273], 
              [0.895875, 0.0222273, 0.0222273, 0.05967], 
              [0.176933, 0.0222273, 0.777613, 0.0232273], 
              [0.0467791, 0.270386, 0.0966009, 0.586234], 
              [0.233952, 0.0966009, 0.550278, 0.119169], 
              [0.274609, 0.136763, 0.487061, 0.101567]
            ]
          }, {
            "db": 0,
            "id": "M2278_1.02",
            "alt": "FOS",
            "len": 11,
            "nsites": 1,
            "url": "http://cisbp.ccbr.utoronto.ca/TFreport.php?searchTF=T025309_1.02",
            "pwm": [
              [0.266891, 0.0442464, 0.321774, 0.36709], 
              [0.254396, 0.336958, 0.357493, 0.0511527], 
              [0.0232273, 0.0222273, 0.0222273, 0.932318], 
              [0.0232273, 0.0222273, 0.86056, 0.0939855], 
              [0.932318, 0.0222273, 0.0222273, 0.0232273], 
              [0.0540909, 0.45763, 0.36878, 0.119499], 
              [0.0232273, 0.0222273, 0.0222273, 0.932318], 
              [0.0232273, 0.931318, 0.0222273, 0.0232273], 
              [0.932318, 0.0222273, 0.0222273, 0.0232273], 
              [0.0312064, 0.202307, 0.0697909, 0.696695], 
              [0.147115, 0.276931, 0.266447, 0.309506]
            ]
          }, {
            "db": 0,
            "id": "M2292_1.02",
            "alt": "JUND",
            "len": 11,
            "nsites": 1,
            "url": "http://cisbp.ccbr.utoronto.ca/TFreport.php?searchTF=T025286_1.02",
            "pwm": [
              [0.314178, 0.0400518, 0.342558, 0.303211], 
              [0.379325, 0.135517, 0.46193, 0.0232273], 
              [0.0232273, 0.0222273, 0.0222273, 0.932318], 
              [0.0232273, 0.0222273, 0.931318, 0.0232273], 
              [0.932318, 0.0222273, 0.0222273, 0.0232273], 
              [0.0232273, 0.559016, 0.352845, 0.0649127], 
              [0.0232273, 0.0222273, 0.0222273, 0.932318], 
              [0.0595582, 0.894987, 0.0222273, 0.0232273], 
              [0.932318, 0.0222273, 0.0222273, 0.0232273], 
              [0.0232273, 0.142845, 0.0762655, 0.757663], 
              [0.159109, 0.373464, 0.314118, 0.153309]
            ]
          }, {
            "db": 0,
            "id": "M2390_1.02",
            "alt": "EHF",
            "len": 8,
            "nsites": 1,
            "url": "http://cisbp.ccbr.utoronto.ca/TFreport.php?searchTF=T077992_1.02",
            "pwm": [
              [0.0232273, 0.480914, 0.472632, 0.0232273], 
              [0.932318, 0.0222273, 0.0222273, 0.0232273], 
              [0.0232273, 0.0222273, 0.931318, 0.0232273], 
              [0.0232273, 0.0222273, 0.931318, 0.0232273], 
              [0.932318, 0.0222273, 0.0222273, 0.0232273], 
              [0.932318, 0.0222273, 0.0222273, 0.0232273], 
              [0.0232273, 0.0222273, 0.931318, 0.0232273], 
              [0.0232273, 0.0222273, 0.483462, 0.471084]
            ]
          }, {
            "db": 0,
            "id": "M4462_1.02",
            "alt": "GABPA",
            "len": 11,
            "nsites": 1,
            "url": "http://cisbp.ccbr.utoronto.ca/TFreport.php?searchTF=T077997_1.02",
            "pwm": [
              [0.28429, 0.34439, 0.24626, 0.12506], 
              [0.363905, 0.201824, 0.366608, 0.0676636], 
              [0.0732182, 0.772088, 0.131466, 0.0232273], 
              [0.0954364, 0.853555, 0.02593, 0.0250791], 
              [0.0287818, 0.0222273, 0.925764, 0.0232273], 
              [0.0232273, 0.0222273, 0.931318, 0.0232273], 
              [0.932318, 0.0222273, 0.0222273, 0.0232273], 
              [0.924912, 0.0240791, 0.0222273, 0.0287818], 
              [0.123209, 0.0777727, 0.775791, 0.0232273], 
              [0.0639609, 0.272181, 0.0740691, 0.589789], 
              [0.158387, 0.194417, 0.514729, 0.132466]
            ]
          }, {
            "db": 0,
            "id": "M4463_1.02",
            "alt": "IRF4",
            "len": 18,
            "nsites": 1,
            "url": "http://cisbp.ccbr.utoronto.ca/TFreport.php?searchTF=T107584_1.02",
            "pwm": [
              [0.414136, 0.107682, 0.227682, 0.2505], 
              [0.305045, 0.211318, 0.244045, 0.239591], 
              [0.259591, 0.0513182, 0.200409, 0.488682], 
              [0.145045, 0.305864, 0.413136, 0.135955], 
              [0.283227, 0.258591, 0.158591, 0.299591], 
              [0.2105, 0.174955, 0.418591, 0.195955], 
              [0.197773, 0.0531364, 0.667682, 0.0814091], 
              [0.634136, 0.0622273, 0.107682, 0.195955], 
              [0.605045, 0.0222273, 0.100409, 0.272318], 
              [0.388682, 0.271318, 0.244045, 0.0959545], 
              [0.0323182, 0.0276818, 0.0440455, 0.895955], 
              [0.0232273, 0.0258636, 0.918591, 0.0323182], 
              [0.892318, 0.0240455, 0.0495, 0.0341364], 
              [0.319591, 0.282227, 0.365864, 0.0323182], 
              [0.412318, 0.0276818, 0.0349545, 0.525045], 
              [0.183227, 0.485864, 0.296773, 0.0341364], 
              [0.508682, 0.118591, 0.0949545, 0.277773], 
              [0.203227, 0.165864, 0.333136, 0.297773]
            ]
          }, {
            "db": 0,
            "id": "M4522_1.02",
            "alt": "ELK4",
            "len": 10,
            "nsites": 1,
            "url": "http://cisbp.ccbr.utoronto.ca/TFreport.php?searchTF=T078000_1.02",
            "pwm": [
              [0.04383, 0.769073, 0.132966, 0.0541309], 
              [0.151994, 0.794825, 0.0222273, 0.0309536], 
              [0.0232273, 0.0222273, 0.931318, 0.0232273], 
              [0.0232273, 0.0222273, 0.931318, 0.0232273], 
              [0.932318, 0.0222273, 0.0222273, 0.0232273], 
              [0.898839, 0.0222273, 0.0222273, 0.0567064], 
              [0.221527, 0.0505555, 0.70469, 0.0232273], 
              [0.0747336, 0.320965, 0.102063, 0.502238], 
              [0.167445, 0.16387, 0.519266, 0.149418], 
              [0.182897, 0.284911, 0.426554, 0.105638]
            ]
          }, {
            "db": 0,
            "id": "M4526_1.02",
            "alt": "SMARCC1",
            "len": 15,
            "nsites": 1,
            "url": "http://cisbp.ccbr.utoronto.ca/TFreport.php?searchTF=T118167_1.02",
            "pwm": [
              [0.271161, 0.13793, 0.309831, 0.281078], 
              [0.165376, 0.237104, 0.422227, 0.175294], 
              [0.277773, 0.144541, 0.392475, 0.185211], 
              [0.195128, 0.289995, 0.352805, 0.16207], 
              [0.324054, 0.0916491, 0.339583, 0.244715], 
              [0.261244, 0.170987, 0.544542, 0.0232273], 
              [0.0232273, 0.0222273, 0.0222273, 0.932318], 
              [0.0232273, 0.0222273, 0.928013, 0.0265327], 
              [0.932318, 0.0222273, 0.0222273, 0.0232273], 
              [0.0463682, 0.485036, 0.402393, 0.0662027], 
              [0.0232273, 0.0222273, 0.0222273, 0.932318], 
              [0.0860373, 0.868508, 0.0222273, 0.0232273], 
              [0.932318, 0.0222273, 0.0222273, 0.0232273], 
              [0.0695082, 0.187516, 0.369335, 0.373641], 
              [0.205045, 0.392475, 0.313136, 0.0893427]
            ]
          }, {
            "db": 0,
            "id": "M4565_1.02",
            "alt": "FOSL2",
            "len": 14,
            "nsites": 1,
            "url": "http://cisbp.ccbr.utoronto.ca/TFreport.php?searchTF=T025264_1.02",
            "pwm": [
              [0.260548, 0.318878, 0.313136, 0.107438], 
              [0.402175, 0.146629, 0.23084, 0.220356], 
              [0.19739, 0.0892127, 0.57151, 0.141887], 
              [0.229925, 0.215529, 0.491126, 0.0634191], 
              [0.562941, 0.119835, 0.271031, 0.0461936], 
              [0.0232273, 0.0241409, 0.0222273, 0.930405], 
              [0.0232273, 0.0222273, 0.921749, 0.0327964], 
              [0.930405, 0.0241409, 0.0222273, 0.0232273], 
              [0.0615045, 0.441366, 0.471988, 0.0251409], 
              [0.0232273, 0.0222273, 0.0222273, 0.932318], 
              [0.0270555, 0.92749, 0.0222273, 0.0232273], 
              [0.932318, 0.0222273, 0.0222273, 0.0232273], 
              [0.0251409, 0.435625, 0.160026, 0.379208], 
              [0.273945, 0.359069, 0.119835, 0.247151]
            ]
          }, {
            "db": 0,
            "id": "M4619_1.02",
            "alt": "FOSL1",
            "len": 11,
            "nsites": 1,
            "url": "http://cisbp.ccbr.utoronto.ca/TFreport.php?searchTF=T025315_1.02",
            "pwm": [
              [0.140529, 0.204045, 0.397594, 0.257832], 
              [0.19527, 0.0437327, 0.565727, 0.19527], 
              [0.287157, 0.0495982, 0.630242, 0.0330027], 
              [0.0232273, 0.0222273, 0.0222273, 0.932318], 
              [0.0232273, 0.0222273, 0.927408, 0.0271373], 
              [0.932318, 0.0222273, 0.0222273, 0.0232273], 
              [0.0388673, 0.534446, 0.399549, 0.0271373], 
              [0.0232273, 0.0222273, 0.0222273, 0.932318], 
              [0.0349573, 0.919588, 0.0222273, 0.0232273], 
              [0.932318, 0.0222273, 0.0222273, 0.0232273], 
              [0.0251827, 0.207955, 0.256832, 0.51003]
            ]
          }, {
            "db": 0,
            "id": "M4623_1.02",
            "alt": "JUNB",
            "len": 15,
            "nsites": 1,
            "url": "http://cisbp.ccbr.utoronto.ca/TFreport.php?searchTF=T025312_1.02",
            "pwm": [
              [0.172422, 0.302713, 0.25696, 0.267906], 
              [0.218175, 0.0560445, 0.4161, 0.30968], 
              [0.353445, 0.125669, 0.475778, 0.0451091], 
              [0.0232273, 0.0222273, 0.0222273, 0.932318], 
              [0.0232273, 0.0222273, 0.931318, 0.0232273], 
              [0.92834, 0.0222273, 0.0222273, 0.0272055], 
              [0.0311845, 0.565295, 0.368358, 0.0351627], 
              [0.0232273, 0.0222273, 0.0222273, 0.932318], 
              [0.0908618, 0.863684, 0.0222273, 0.0232273], 
              [0.932318, 0.0222273, 0.0222273, 0.0232273], 
              [0.0331736, 0.1754, 0.20325, 0.588176], 
              [0.180379, 0.328573, 0.260938, 0.23011], 
              [0.154518, 0.408144, 0.185346, 0.251992], 
              [0.182368, 0.30868, 0.153518, 0.355434], 
              [0.0948409, 0.320616, 0.181368, 0.403175]
            ]
          }, {
            "db": 0,
            "id": "M4681_1.02",
            "alt": "BACH2",
            "len": 10,
            "nsites": 1,
            "url": "http://cisbp.ccbr.utoronto.ca/TFreport.php?searchTF=T025274_1.02",
            "pwm": [
              [0.165432, 0.0730145, 0.0222273, 0.739326], 
              [0.0232273, 0.0222273, 0.931318, 0.0232273], 
              [0.0790936, 0.875452, 0.0222273, 0.0232273], 
              [0.0232273, 0.0222273, 0.0222273, 0.932318], 
              [0.0232273, 0.0222273, 0.931318, 0.0232273], 
              [0.932318, 0.0222273, 0.0222273, 0.0232273], 
              [0.0537, 0.25077, 0.672303, 0.0232273], 
              [0.0232273, 0.0222273, 0.0222273, 0.932318], 
              [0.0232273, 0.931318, 0.0222273, 0.0232273], 
              [0.932318, 0.0222273, 0.0222273, 0.0232273]
            ]
          }, {
            "db": 0,
            "id": "M5398_1.02",
            "alt": "ERF",
            "len": 10,
            "nsites": 1,
            "url": "http://cisbp.ccbr.utoronto.ca/TFreport.php?searchTF=T077984_1.02",
            "pwm": [
              [0.783895, 0.03707, 0.144676, 0.0343591], 
              [0.0482809, 0.755943, 0.05086, 0.144916], 
              [0.119529, 0.811904, 0.04534, 0.0232273], 
              [0.0232273, 0.0222273, 0.931318, 0.0232273], 
              [0.0232273, 0.0353391, 0.918206, 0.0232273], 
              [0.898174, 0.0350318, 0.0350318, 0.0317636], 
              [0.816264, 0.0222273, 0.0222273, 0.139282], 
              [0.268443, 0.0730645, 0.635265, 0.0232273], 
              [0.0232273, 0.167257, 0.0611382, 0.748377], 
              [0.29952, 0.147005, 0.432209, 0.121266]
            ]
          }, {
            "db": 0,
            "id": "M5420_1.02",
            "alt": "ETV1",
            "len": 10,
            "nsites": 1,
            "url": "http://cisbp.ccbr.utoronto.ca/TFreport.php?searchTF=T077979_1.02",
            "pwm": [
              [0.582537, 0.0799327, 0.184543, 0.152987], 
              [0.10527, 0.707495, 0.1279, 0.0593336], 
              [0.0882282, 0.854834, 0.0295773, 0.0273618], 
              [0.0232273, 0.0222273, 0.931318, 0.0232273], 
              [0.0232273, 0.0222273, 0.914095, 0.04045], 
              [0.911969, 0.0305627, 0.0241882, 0.0332791], 
              [0.643957, 0.0552755, 0.0282209, 0.272546], 
              [0.252666, 0.0949818, 0.619545, 0.0328064], 
              [0.0836891, 0.248096, 0.0878718, 0.580343], 
              [0.35677, 0.156396, 0.293826, 0.193008]
            ]
          }, {
            "db": 0,
            "id": "M5421_1.02",
            "alt": "ETV2",
            "len": 11,
            "nsites": 1,
            "url": "http://cisbp.ccbr.utoronto.ca/TFreport.php?searchTF=T077983_1.02",
            "pwm": [
              [0.512039, 0.125852, 0.186541, 0.175568], 
              [0.904048, 0.0296664, 0.0393382, 0.0269473], 
              [0.0616109, 0.819534, 0.0956282, 0.0232273], 
              [0.104159, 0.848293, 0.02432, 0.0232273], 
              [0.0232273, 0.0222273, 0.931318, 0.0232273], 
              [0.0232273, 0.0222273, 0.931318, 0.0232273], 
              [0.932318, 0.0222273, 0.0222273, 0.0232273], 
              [0.833742, 0.0229118, 0.0222273, 0.121119], 
              [0.672249, 0.0237618, 0.280762, 0.0232273], 
              [0.0328082, 0.256419, 0.0573564, 0.653416], 
              [0.45151, 0.115156, 0.276773, 0.156561]
            ]
          }, {
            "db": 0,
            "id": "M5422_1.02",
            "alt": "ETV3",
            "len": 10,
            "nsites": 1,
            "url": "http://cisbp.ccbr.utoronto.ca/TFreport.php?searchTF=T077987_1.02",
            "pwm": [
